Vivian 35 117 19 95 120 85 89 177 11
Katarzyna 163 27 112 175 114 43 43 69 62
Marzena 69 161 156 84 179 71 110 21 165
Hanna 89 37 111 176 22 127 16 5 24
Ofelia 176 20 117 63 50 124 67 92 74
Beata 165 145 78 70 41 53 40 143 110
Miron 113 121 111 117 45 24 51 153 113
Lara 68 36 146 113 111 125 2 173 156
Marcel 121 116 142 166 1 19 145 27 52
Olga 142 81 20 20 34 59 148 60 140
Edmund 89 150 128 8 33 155 33 139 83
Emila 44 86 122 109 121 10 104 52 50
Kornel 62 88 16 94 4 177 73 139 92
Hugo 41 40 22 89 44 61 152 89 34
Majka 59 61 45 77 171 169 100 115 8
Teodor 125 87 162 7 27 151 29 120 58
Gustaw 31 151 74 51 27 39 4 131 21
Walter 74 132 108 166 170 91 86 127 24
Emil 29 93 99 108 112 138 67 138 94
Pietro 71 99 153 43 3 131 21 15 16
Melisa 35 9 96 159 136 34 90 115 76
Sebastian 98 141 111 135 62 94 10 37 69
Ariel 102 97 2 15 99 45 37 138 144
Wioleta 160 171 41 145 18 112 117 119 108
Joanna 16 113 37 10 127 141 38 48 66
Salomea 28 105 136 80 164 97 154 169 48
Karolina 173 159 10 163 39 120 147 86 5
David 72 127 101 161 8 42 171 74 75
Sylwia 32 15 120 13 131 98 64 64 83
Alexandre 36 39 166 30 159 120 51 152 133
Tiffany 116 143 73 115 179 52 125 114 1
Anatol 178 95 93 117 72 179 63 162 125
Karina 99 129 42 132 127 49 81 53 168
Zachary 161 143 11 109 99 16 111 10 141
Lionel 180 13 111 142 155 67 168 100 139
Rozalia 60 22 177 134 122 171 140 53 114
Malena 129 16 166 93 142 163 44 134 98
Albin 63 140 166 33 142 71 158 133 135
Leonardo 88 88 19 108 119 92 103 135 34
Nicolas 128 137 81 141 133 130 88 109 157
Lola 69 167 33 129 63 169 39 9 30
Tytus 37 17 60 160 37 60 61 29 23
Nikoleta 34 132 40 1 158 160 128 143 41
Alessandro 34 43 90 168 164 46 9 65 66
Martina 112 154 64 102 114 9 11 116 23
Ethan 150 129 90 10 28 81 0 14 143
Gustaw 127 29 41 72 138 49 117 127 94
Antonia 91 35 15 13 8 62 7 115 28
Amadeusz 49 109 118 134 58 35 95 153 33
Hugo 146 156 74 170 27 124 42 41 102
Anita 78 34 36 19 91 122 137 134 51
Patryk 31 99 164 149 127 135 99 125 153
Angelica 103 153 163 7 74 2 136 51 180
Janina 50 138 6 175 82 121 164 29 90
Ada 36 68 99 141 21 37 121 77 112
Amir 171 66 133 92 25 155 138 11 76
Pola 42 169 46 53 90 40 135 147 111
Mattia 72 98 87 135 7 131 154 143 109
Polina 128 18 79 116 126 94 16 136 121
Hania 98 94 135 55 166 62 157 54 126
Samir 159 139 145 65 160 142 62 57 131
Pascal 144 14 118 43 174 121 41 14 62
Kai 128 85 73 146 137 158 169 49 5
Bohdan 101 148 31 178 111 12 153 29 48
Aleksandra 164 156 114 167 89 149 162 35 60
Antonio 106 37 121 165 101 28 123 86 23
Nellie 114 30 42 112 8 103 164 178 26
Rajan 159 23 171 148 150 24 2 117 167
Zofia 25 85 68 132 172 114 14 91 64
Julita 34 99 89 153 163 78 100 141 158
Konstanty 40 154 71 86 26 121 1 154 69
Zachariasz 75 89 90 3 107 145 80 108 34
Juliusz 165 47 121 178 61 68 172 1 167
Victoria 19 28 45 118 60 107 26 76 60
Anna 133 159 137 34 176 173 167 3 175
Zyta 0 89 51 77 1 107 36 87 163
Melissa 36 22 126 91 137 112 112 51 61
Brunon 180 28 107 30 14 12 18 90 56
Ludwika 122 173 55 60 26 20 154 113 151
Alex 28 89 16 77 38 31 77 113 4
Victoria 18 13 154 32 166 179 57 93 19
Orest 148 158 144 151 57 50 174 2 149
Noel 52 116 159 139 111 8 12 24 24
Ismail 149 90 21 54 69 109 92 122 170
Erik 100 104 3 80 48 124 73 163 15
Justin 82 1 97 152 111 56 105 146 67
Oskar 171 111 29 27 8 105 25 86 159
Mira 151 169 146 39 178 93 36 99 115
Marlena 14 149 149 95 124 30 102 136 171
Eva 11 15 152 139 0 1 40 68 57
Ismena 102 69 56 134 170 46 69 173 42
Maksym 17 130 98 132 9 76 2 26 15
Brandon 85 155 64 168 170 161 32 13 123
Melanie 143 156 180 61 129 32 159 174 136
Hiacynta 91 171 135 170 57 35 73 79 74
Luis 151 67 153 173 28 104 28 140 150
Suzanne 44 119 42 45 156 126 139 79 71
Alina 164 152 44 55 33 16 123 136 101
Nadine 46 160 69 129 63 131 160 167 157
Michele 124 126 89 76 110 151 78 122 72
Maximilian 1 114 69 54 140 159 87 96 75
Kateryna 95 171 173 72 115 95 119 22 169
Monika 65 143 111 60 155 23 50 166 125
Wilhelm 109 140 3 161 68 32 36 118 95
Niklas 58 39 95 0 25 13 88 93 115
Martina 15 176 83 10 157 176 69 151 124
Paul 80 77 89 132 107 12 100 56 164
Inga 62 54 3 14 35 158 55 75 150
Teresa 177 99 73 13 173 31 1 67 161
George 63 94 137 138 177 89 136 5 33
Beniamin 23 41 170 17 1 19 58 62 159
Stanislav 70 161 86 119 136 124 141 13 120
Kristina 130 1 161 164 63 10 21 144 99
Michela 144 125 61 65 49 154 101 177 8
Nikoletta 52 6 64 140 56 32 77 156 49
Norbert 177 178 8 142 86 152 89 105 145
Aureliusz 23 51 163 125 25 45 78 179 146
Nel 54 46 98 86 22 128 64 15 21
Herbert 8 171 157 120 37 62 8 146 19
William 116 7 95 54 142 48 80 94 34
Jakob 3 17 66 131 68 32 29 68 175
Joseph 169 14 115 11 40 13 78 82 102
Jasmin 128 68 163 133 24 136 158 1 83
Brygida 165 82 67 80 42 131 40 77 94
Kaj 175 99 37 15 4 19 13 105 126
Elena 177 55 105 92 22 165 31 13 144
Paolo 15 58 55 123 66 47 64 20 42
Kilian 0 84 40 1 91 100 126 87 20
Nadine 104 22 88 171 27 82 107 142 177
Kaspian 47 41 164 103 8 8 157 41 72
Julianna 87 171 127 117 6 5 127 93 26
Ariel 111 139 146 59 59 167 26 70 110
Daniel 20 114 82 174 171 143 69 108 116
Jordan 169 54 114 102 71 119 95 6 14
Norman 127 118 125 95 166 79 47 20 161
Fryderyk 62 144 95 46 104 166 139 56 171
Kornel 85 9 114 22 173 23 108 76 3
Otylia 108 1 97 2 99 140 102 63 168
Simone 16 165 78 168 61 5 43 160 109
Tymoteusz 162 153 12 133 24 140 78 115 83
Adela 67 4 123 47 52 171 88 49 120
Katherine 14 121 82 126 134 22 121 78 117
Danuta 101 115 58 12 153 121 66 30 7
Teodor 35 127 22 102 19 115 90 75 63
Larysa 130 161 166 137 41 32 44 142 148
Vladyslav 95 38 177 145 153 68 22 133 74
Fiodor 55 126 133 114 90 13 141 78 150
Naomi 75 122 19 132 17 68 102 177 84
Frank 91 95 164 28 164 56 105 150 112
Berenika 15 54 143 75 122 158 114 145 103
Ziemowit 94 41 144 160 113 80 104 151 153
Pascal 69 85 123 139 42 141 122 8 79
Teodor 42 170 159 104 108 139 29 61 81
Mykola 175 76 76 64 150 75 108 31 41
Oksana 4 15 61 79 160 103 172 81 62
Eligiusz 70 172 61 165 134 115 114 17 128
Chantal 29 0 105 66 131 161 15 99 95
Simona 40 56 41 35 121 81 18 93 152
Nikola 50 114 108 76 104 103 22 18 43
Emir 127 81 99 82 59 152 73 160 63
Florencia 54 35 105 17 130 27 96 99 23
Philip 105 175 119 117 46 50 79 106 80
Fabienne 6 52 10 21 138 89 73 103 107
Marita 28 135 116 34 3 46 61 161 139
Sofie 148 70 14 114 36 15 66 38 15
Noah 24 117 109 50 154 105 33 87 19
Mykhaylo 49 119 124 9 66 49 172 78 113
Lucjan 121 37 177 149 108 129 1 156 14
Adam 148 176 121 44 142 8 52 131 162
William 126 67 101 138 176 45 134 118 38
Benjamin 5 2 1 152 176 152 37 23 130
Aida 21 45 118 155 165 89 132 22 175
Natalia 156 25 65 140 154 166 177 98 108
Miron 111 8 102 177 30 159 27 165 157
Simona 108 102 60 117 87 125 38 5 87
Bianka 115 114 77 124 62 58 164 136 63
Marcin 169 78 26 78 25 110 84 117 149
Liliana 76 11 124 45 39 69 70 127 59
Mariola 15 7 103 75 87 95 16 127 45
Natalie 119 22 13 38 31 114 47 143 63
Raffaele 117 108 31 70 70 124 92 145 97
Omar 1 39 99 121 151 97 111 130 91
Eunika 66 145 65 158 19 158 94 151 30
Iwo 17 143 93 13 14 98 105 117 99
Michael 89 169 150 91 63 54 131 42 93
Vera 154 102 43 37 156 108 13 165 153
Alessandro 98 136 44 176 75 118 98 44 157
Colin 117 57 21 37 7 67 161 128 60
Gwidon 164 82 78 35 81 78 107 148 38
Charlie 19 175 20 159 146 22 149 100 134
Ivan 75 94 154 8 75 95 3 55 61
Gabriele 27 2 17 99 67 39 63 37 163
Dobrochna 143 113 161 105 160 130 87 6 128
Kataleja 156 40 38 148 47 142 173 117 136
Konstanty 122 23 61 147 149 38 153 128 37
Kornel 9 165 54 77 169 165 157 111 157
Lilli 9 96 117 124 7 16 120 42 147
Magdalena 138 110 53 142 150 26 159 36 142
Denys 135 28 152 43 152 66 135 104 65
Amira 15 59 18 99 132 138 154 20 77
Arletta 49 108 110 36 110 109 41 111 2
Niko 178 121 161 60 139 2 165 79 69
Rajan 104 8 77 145 173 90 85 159 42
Larysa 161 96 92 58 159 169 15 39 65
Sabina 121 64 57 98 49 24 48 33 80
Aaron 60 118 102 26 139 77 142 84 60
Nestor 139 137 71 66 60 37 7 103 161
Kornel 10 96 56 116 59 89 94 69 114
Nikoleta 17 27 141 160 75 118 139 121 15
Bartosz 35 91 131 115 171 40 76 174 35
Cornelia 138 33 34 7 110 164 123 166 137
Konstancja 180 76 128 31 79 105 151 73 166
Mariusz 10 152 125 1 62 6 29 170 162
Kiara 141 66 41 129 152 37 90 147 57
Linda 52 145 127 93 115 109 40 85 83
Natasza 156 132 126 147 12 49 141 170 12
Karol 24 6 49 34 76 147 24 60 44
Daria 46 66 176 76 142 59 174 70 122
Bernard 166 96 24 96 18 108 159 93 13
Nadav 35 20 25 156 93 130 94 118 154
Tony 162 162 32 99 24 178 173 39 118
Krystyna 97 1 1 165 143 34 144 14 113
Erika 47 142 45 155 2 6 53 146 23
Ali 153 149 67 114 115 143 179 146 32
Susanna 60 53 133 147 14 125 160 2 49
Lilli 6 83 152 127 155 28 84 138 156
Michela 147 2 70 49 2 4 1 127 70
Nicol 74 17 25 14 116 45 72 159 69
Celina 85 173 65 62 61 51 131 116 154
Nina 121 22 41 76 78 18 72 101 128
Kamil 82 130 156 174 42 81 174 102 50
Rodrigo 151 59 93 1 81 178 132 79 132
Polina 51 153 149 25 39 70 11 13 79
Gloria 164 93 113 113 8 61 61 123 172
Izabela 127 44 129 86 156 108 2 157 25
Rachela 100 153 174 91 122 170 84 162 22
Milana 136 173 128 75 15 46 54 118 73
Ruben 129 64 6 160 14 151 36 12 146
Emilie 100 7 110 107 69 6 111 24 95
Artem 171 64 38 141 98 101 131 1 106
Alfred 114 136 58 93 85 116 175 47 99
Urszula 76 34 141 67 19 89 105 157 85
Alessio 68 175 89 23 35 108 139 156 113
Emma 40 33 174 45 128 175 129 34 85
Judyta 127 75 176 31 124 46 36 95 110
Dajana 179 91 108 47 125 88 60 64 143
Wiktor 29 149 22 173 142 78 14 179 73
Eryk 83 157 129 155 138 119 100 168 20
Hania 18 172 22 25 111 159 96 49 48
Itamar 0 15 140 176 117 140 159 113 163
Krzesimir 48 34 60 37 18 118 105 20 15
Jeremiasz 93 178 10 33 33 154 157 55 16
Goran 17 124 84 137 53 97 55 27 98
Borys 39 16 128 42 97 82 86 80 14
Allan 13 78 168 176 127 73 106 133 109
Justin 170 69 130 8 110 83 19 52 20
Ivo 9 173 98 103 149 120 44 21 97
Tytus 27 35 140 50 16 116 176 29 177
Rose 79 54 27 92 153 162 93 39 173
Pamela 180 17 177 120 112 77 119 26 30
Aida 166 124 95 163 16 29 1 69 19
Zlata 130 39 121 72 131 162 58 52 65
Tina 97 137 47 121 133 40 36 158 129
Ariel 82 14 82 106 71 99 36 64 119
Arthur 122 119 152 67 56 41 108 129 84
Adrianna 104 124 24 75 81 80 10 75 29
Salma 85 109 125 86 88 142 101 70 67
Rachel 128 180 146 58 148 45 78 17 128
Erwin 69 177 62 7 98 82 155 158 76
Albert 142 167 180 123 5 65 86 133 39
Eric 95 172 24 15 98 52 17 55 163
Kesja 69 24 179 28 18 141 157 58 96
Ignacy 156 164 51 115 69 167 111 104 107
Piotr 28 81 103 121 124 72 155 42 137
Simon 128 76 30 37 74 86 145 74 169
Caspian 48 14 166 60 158 150 65 74 16
Eryka 33 169 63 18 177 18 9 132 11
Nastazja 131 152 21 171 122 176 175 161 16
Aleksy 151 39 70 172 24 100 90 173 46
Alessio 114 78 24 46 86 18 58 31 53
Aleksander 17 107 103 15 138 159 63 111 178
Klaudyna 136 117 91 131 40 129 98 86 40
Erika 162 38 2 176 70 2 55 97 0
Tomer 47 47 118 89 137 177 149 10 104
Kevin 153 161 60 96 109 42 49 43 30
Arian 42 179 114 108 56 37 33 24 8
Aron 74 45 59 38 113 127 169 39 60
Matthew 23 93 137 49 23 131 129 88 97
Edmund 161 170 68 96 90 135 157 155 73
Ali 170 165 125 121 172 118 60 138 56
Julianna 4 59 179 129 95 180 42 78 128
Jonatan 19 133 92 164 78 143 11 119 71
Aaron 150 101 27 88 32 53 162 141 59
Alexander 154 120 89 106 109 10 153 163 178
Antoine 120 88 172 93 59 31 143 120 119
Kazimierz 125 56 0 32 113 61 36 156 147
Igor 43 62 0 44 10 84 17 117 57
Malena 176 130 57 86 10 27 159 179 164
Nikoletta 134 62 121 145 78 30 53 162 62
Noah 59 99 2 176 126 161 85 110 114
