775545265 10111000111001111000011020000
669219168 10011111100011011110010111001
799398182 10111110100101110110010011020
109449784 11010000110000100100100000
577718230 10001001101111010001111110012
615519662 10010010110000000101011011102
231202632 110111000111110111110101102
63112301 1111000011000001000111100
322212456 1001100110100100100100111011
407840223 1100001001111001001011110112
28189932 110101110001001001111101
748795778 10110010100001101101111001000
566273397 10000111000000101001010120000
725499081 10101100111110001111001101102
554880841 10000100010010110011110101012
384966436 1011011110010000111110011010
159785747 100110000110001000110001112
838752473 11000111111110010110001110102
95657927 10110110011100111111101100
511097917 1111001110110101111000100112
665698358 10011110101101110000000100002
21654189 101001010011010101011101
139391660 100001001110111100101011102
775605254 10111000111010110011000001010
592540697 10001101010001011101000010011
534168199 1111111010110110000101001020
543863733 10000001101010101100111100001
696090636 10100101111101100000000001100
593480723 10001101011111110011000010001
555378470 10000100011010011001110010012
776058914 10111001000001101110000010120
151376465 100100000101110100100101111
239751656 111001001010010100011111012
156371223 100101010010000010010002000
799533282 10111110100111111010001111011
817091686 11000010110011110101000111011
129656511 11110111010011001101100120
119077601 11100011000111110101111000
808105851 11000000101010101101111000100
814483560 11000010001100000010000111001
831974472 11000110010110111011000101020
279406330 1000010100111011001110000012
90986162 10101101100010101101012000
603078890 10001111110010010000001111100
17300575 100000111111111000110011
881006109 11010010000011000101100010100
866493161 11001110100101101000101111101
357122452 1010101001001010000011001200
512104546 1111010000110000110000110120
859537554 11001100111011100000001001200
282459378 1000011010101111111002000000
861295284 11001101010110010100101100001
722116135 10101100001010100111100011011
812196966 10200001101001001001000111002
809967537 11000001000111000111111012000
757010418 10110100011111000011120000000
270298830 1000000011100011011101101110
830126180 11000101111010101110000111010
476685711 1110001101001101001011001112
551108952 10000011011001010000010110002
754609843 10110011111010011011101100010
101759326 11000010000101110010110101
319380782 1001100001001010111010011110
462213180 1101110001100110100000100100
611183100 10010001101101111010100000101
139809109 100001010101010100010102000
874398347 11010000011110010000101001020
532741520 1022222200000111111011010020
596869954 10001110010011100000110100120
330465478 1001110110010100000001101001
368972326 1010111111110000100100011011
408436059 1100001011000001111010110100
498276596 1110110110011000110010000000
825101463 11000100101110000011001010002
163420687 100110111101100110100001112
727381386 10101101011010111101011001110
5670725 1010110100001110100200
797763850 10111110001100111010010001010
258476307 111101101000000010010001120
785754102 10111011010101101010000000002
838130855 11000111110100110111001011100
275202686 1000001100111010000101000100
495160333 1110110000011100011000001101
170597385 101000101011000111000001010
566562930 10000111000101000100000111112
187318176 101100101010001111111010200
323049609 1001101000001010110001001010
580033310 10001010010010100110110010102
572308612 10001000011100101111001001000
173033787 101001010000010010010100010
520229650 1111100000010000100110001112
136260984 100000011111001011011000010
114449947 10211010010010111100010101
462005159 1101110001001101000111011012
428032780 1100110000011010000110001020
724146550 10101100101001100110011000002
798944127 10111110011110111010111001001
301126050 1000111110010110100011011000
334417422 1001111101110110011100001120
254585583 111100101100101010101111200
759163483 10110100111111111010100110112
326661925 1001101111000011101110011011
615865670 10010010110101010111010101011
333795604 1001111100101010100010010000
451347284 1101011100111000000110110001
25654459 110000111011101001100020
334484218 1001111101111110100110000102
82262897 10011100111001110110120000
438770426 1101000100111000110110000012
455354590 1101100100100001010001110102
539150327 10000000100010110001120000000
51215117 1100001101011110110001102
682824625 10100010110011000100111011200
793308116 10111101001000111010111110011
555855141 10000100100001101011010011000
572034476 10001000011000100011011011100
99333710 10111101011101101100101120
752213282 10110011010101110111010011002
56815987 1101100010111100010120000
285149897 1000011111111000010101101100
662704745 10011110000000000100100111010
492966251 1110101100010000100010111100
829135287 11000101101011100110011100012
465172459 1101110111001111101111112000
375874386 1011001100111011000110110000
593202201 10001101011011100011000010012
318066056 1001011110101010011011001020
733464475 10101110110111110001111010112
359009818 1010101100110000011100010012
366873469 1010111011110000010111000110
427933953 1100110000001110000010000102
857662230 11001100011110111000110010011
382924605 1011011010010111101110100112
101929867 11000010011010100111001020
403763824 1100000010000111100100111111
557656191 10000100111101001010001000102
822179697 10200100000001011101110112000
805940464 11000000001001101011001111112
563652171 10000110011000101001100101020
363272815 1010110100111000110100111120
29266724 110111110100100110011001
798876156 10111110011101111000100000110
542618411 10000001010111101100110011101
837072427 11000111100100101101100011102
398364479 1011110111110100011110101000
85033577 10100010001100000100111002
42275188 1010000101000100010111120
483879556 1110011010111011010101001010
351055584 1010011101100101011101111000
680021474 10100010001000010011011110120
44914911 1010101101010110001110111
851560013 11001011000001110001100101102
253153441 110220010110110100001011000
487135398 1110100001001000110001011001
475631762 1110001011001100100001001120
623844253 10010100101111000110111010111
50232698 1011111110011111011000102
229781521 110110110010001100000001111
579207998 10001010000110000000110100020
620159871 10010011110110111000111000120
346709184 1010010101010010111001100112
809217114 11000000111011101011000110100
791837652 10111100110010011110111110012
392759191 1011101101001000001111010011
837823887 11000111110000001011011001112
746274061 10110001111011001111010001112
180025159 101010111010111101110101100
93115363 10110001100110100111111001
219574036 110100010110011011110010001
487975089 1110100010101111010001012000
892355753 11010100110000010001001011011
595504088 10001101111110101010111110102
747092591 10110010000111101110100111200
140204361 100001011011010110010101012
149229205 100011100101000011101010000
898073209 11010110000111100000101000011
80815728 10011010001001001100111111
420779973 1100100010100100101111101002
575723300 10001001010000110101110011000
246971930 111010111000011111100010101
408775315 1100001011101011010101010000
88665132 10101001000111011000010102
158796708 100101110111000010111011002
836167998 11000111010110111010010100112
116123955 10211101011111010010100002
846127641 11001001101110111000100010020
107535296 11001101000110110111100120
708527038 10101000111011010000111100111
148249077 100011010110000110012000000
30363070 111001111010011011100111
65370571 1111100101011110011101000
142334655 100001111011110110101100010
643545906 10011001011011101110110100001
332351284 1001111001111010001110100002
556831134 10000100110000100100011010100
858436669 11001100101010101101000100102
109734374 11010001010011010011111010
795416635 10111101101001000110000100100
634635506 10010111010011110001001200000
521087491 1111100001111001010100001000
551052118 10000011011000011000110110001
810324278 11000001001100100100010020000
614082145 10010010011010001001100110112
470171078 1110000000110001111011100002
682277285 10100010101010101110011011010
210886250 110010010001110111100111101
397992923 1011110111000111000111110111
465873695 1101111000100101010110010112
416294212 1100011010000001001010100120
214754764 110011001100111001011101110
665920198 10011110110001001000101101010
157674886 100101100101111011011001011
110951281 11010011100111110110200000
634546286 10010111010010011010000111111
104781037 11000111110110101001111112
488613518 1110100011111101001101001120
242934119 111001111010111000010111020
854263411 11001011101011000001100111020
539517964 10000000101000011001000001010
379819433 1011010100011100101011011100
192456592 101101111000101001111001200
159586679 100110000011000110011000000
653599785 10011011110101001001000011020
540902563 10000000111101100001001010120
554480025 10000100001100101100011010010
140391676 100001011110001101010000020
370543112 1011000010110000010100001001
525096731 1111101001100010101110010102
227882224 110110010101001101001111200
858183478 10201100100110110101110100012
394424274 1011110000010011011111110001
599765791 10001110111111101100110011000
355044662 1010100101001100011010011111
796417442 10111101111000010111011011010
275831375 1000001110000110110100101110
480262337 1022010100000001110001100120
508266800 1111001001011100010010011120
429285950 1100110010110011000100011112
736729063 10101111101001100101111111102
756485858 10110100010111000011101110120
380736649 1011010110001100101001001012
570817560 10001000000101111111000010010
841838674 11001000101101011100000101200
751150738 10110011000101101001101002000
279744259 1000010101100100011110000120
5601247 1010101011101111110112
361957138 1010110010011000001110001120
321052507 1001100100010110111110110102
689279773 10100100010101100100110010101
405161471 1100000100110010001100000100
56443287 1101011101010000011010002
710852308 10101001011110101111101110012
794315741 10111101011000010010111110112
758480120 10110100110101011111010000020
836420161 11000111011010110000100100120
117755878 11100000100110011111111011
700759974 10100111000100101111111011020
125748457 11101111110110001001111102
296861074 1000110110001101111011010000
508555601 1111001001111111100010110001
390116600 1011101000000101101010000002
505860441 1111000100110110100010110020
349074039 1010011001110011100101000010
658750138 10011101000011101110101100101
208821059 110001110010010110110101000
165031589 100111010110001011101011010
97133264 10111001010001000101101111
285908120 1000100001010100111001010002
44213780 1010100010101001100001120
506739363 1111000110100001110101010011
33184831 102222210010111000101001
61368767 1110101000011010011100110
524494849 1111101000011001010000000111
560411751 10000101100111001101000111011
581389790 10001010100111010011011110112
79161238 10010110111111001111010012
752299476 10110011010111001011011101200
664864367 10011110100001000001100111111
35991188 1000100101001011101001200
363825549 1010110101111100010011001111
542156467 10000001010000101001101011120
160677055 100110010011101111001100112
325541684 1001101100111010111110100010
439055275 1101000101011011100111011110
262899986 111110101011100010010002000
59150354 1110000110100100000001110
750938567 10110011000010011010011101011
361102844 1010110000101111111100000102
768080305 10110111000111111110011100002
260612722 111110001000101000100111200
520136917 1022220000000101010001110011
359276487 1010101101010000111111101020
242649466 111001110110100010011000010
137722445 100000110101011110100101102
137711528 100000110101010011111011012
134748260 100000001000000110000101112
239398814 111001000100111011111010112
875638224 11010000110001001011011101120
225538804 110101110001011100101120000
743357030 10110001001110101110100111012
305159746 1001000110000010111100100112
881242367 11010010000110101100010000102
430843199 1100110101110001001010100111
880715912 11010001111110101010001001020
168494572 101000001011000001011111100
645641020 10011001111011101100110100111
716752078 10101010111000110001001101111
80885619 10011010010001101110120000
897017787 11010101110111011001111100011
895494237 11010101100000001010000110100
346310285 1010010100100010001101001100
183575121 101011110001001000100101112
886109045 10210011010000111100111000010
119688228 11100100010010011000010120
785170385 10111011001100101111111110010
800983919 10111110111110000010110120000
262071642 111110011110111001010110110
411832420 1100010001100000100000110112
887816891 11010011101011000000101100100
809210820 11000000111011100100111101002
891775075 11010100100111011010000111001
185629850 101100010000011111001010012
712429934 10101001110110110100010111120
191705143 101101101101001100000100002
36228802 1000101000110011101100112
290226089 1000101001100011111111011101
476784510 1110001101011001001111000111
624404605 10010100110111101010001000102
652811408 10011011101001000111001001120
770522467 10110111101101001111010111012
761500276 10110101100011100100101000000
575652021 10001001001111110000001100000
154667461 100100111000000010011100200
257121670 110221010011010111011001100
829516963 11000101110001011011001011001
184928676 101100000101110010011011000
378296368 1011010001100010110000011111
199783621 101111101000011101001101010
385475480 1011011111001111000111010101
114407866 10211010001101110011100101
230315404 110110111010010101011001110
63562456 1111001001111000101110012
740446574 10110000100010010100010111102
781312260 10111010010001111000010001000
766858080 10110110110101010100110111000
74512731 10001110000111110010110100
298621938 1000111001100100110111200000
801613471 10111111000111101001101011000
859687689 11001100111101110010110001101
327499848 1001110000101010000000101000
281134603 1000011000001110001100001011
263238760 111110110000101101000111020
796180242 10111101110100101111110010010
703818098 10100111110011011010011000000
298219465 1000111000110011101111101101
704799924 10101000000010011001001011200
476069674 1110001100000001111110011100
890032070 11010100001100110011111101012
302747984 1001000001011100100010101110
514632952 1111010101100101011010000012
513371791 1111010011001011011101001200
246124948 111010101011100100011010001
873972254 11010000010111110000100010102
627759194 10010101101010110110000110100
435703259 1100111111000010011011110000
51973833 1100011001000011101101011
46566763 1011000110100011010111100
475164980 1110001010010011100010020000
532858154 1111111000010110001010011101
606391510 10010000100100110011001110001
371618302 1011000100110011100100000101
243438609 111010000010100101000001110
500682836 1110111010111110100000110010
27278564 110100000001111001110200
9628961 10010010111011010010111
75248079 10001111100001100011101111
486163552 1110011111010010001000110120
662186140 10011101111000001010001010101
357840075 1010101010100001101001101100
37509117 1000111100010110000000012
299850280 1000111011111010110100011100
180372220 101011000000010000110000010
421996624 1100100100111001010000101020
445108094 1101010000111110011111000112
262826231 111110101010011010010000010
311007191 1001010001001100101111110011
840381796 11001000010111001101010111002
755858737 10110100001101011111010020000
262324063 111110100010101111110111000
198014153 101111001101011101001101100
85659401 10100011011000011110001011
73758737 10001100101011110000001111
167802667 101000000000011101110011012
46357137 1011000011010110101001112
465082272 1101110111000100101111010120
729940688 10101110000010000000101101110
424703187 1100101010000011101001101011
764102066 10110110001011010001011020000
103830599 11000110000010101000101000
10975918 10100111011110101011111
767300106 10110110111100000100100001020
561926321 10000101111110010100001011200
827078689 11000101001100001110000010111
33513119 111111111010111101011000
275946339 1000001110010100110110111000
828970655 11000101101001000101101010111
26778430 110011000100110110100101
377051596 1011001111001010110011101111
297474388 1000110111011000110010110001
399040021 1011111001000110111100010010
236313494 111000010101110110111010011
146430421 100010111010010110011110002
293122643 1000101111000101100100102000
363029197 1010110100011011000101101110
346042777 1010010100000001100011001102
388236067 1011100100100000000110010112
322857602 1001100111110011010101001000
548722850 10000010110100110110001010120
852905890 11001011010110010011111011002
138435232 100001000000010110101010101
165393456 100111011011101101000011200
804450316 10111111110010111100000001111
348597599 1010011000111001011010110112
758334219 10110100110011010000110001100
649369875 10011010110100100110010001112
334178414 1001111101011001010000111112
748630302 10110010011111001100010010111
232806004 110111100000010101100200000
233781160 110111101111001101111011110
871520815 10201111110010010110100012000
773475546 10111000011010010011001110100
831969436 11000110010110110110001010102
599311824 10001110111000110001011101200
416760975 1100011010111010001001001111
369503354 1011000000110001011001000010
160343118 100110001110101001000101102
441012548 1101001001001010100010100200
98104843 10111011000111101100001101
686637303 10100011101101010000010000001
883630376 11010010101011001000010011011
824156810 11000100011111101000101001100
796175404 10111101110100101011000011111
181508444 101011010001100110010110101
751654438 10110011001101010101100011011
149626118 100011101011000111010001002
220470584 110100100100000111010100002
752346818 10110011010111111001101101010
438812561 1101000100111101111111010001
428081914 1100110000100000000110000001
16581291 10222221000000101011111
680940460 10100010010110010100111011102
332306512 1001111001110100110000101120
779882596 10111001111100000100000111001
751474422 10110011001010100101110000002
682139010 10100010101000100111011000120
197100215 101110111111100000101100012
193214559 101110000100001110000110102
623010118 10010100100010011000010101000
44126111 1010100001010011111010110
675739293 10100001000110111101101010110
461828187 1101110000110111100000110101
107032899 11001100001001100010100011
871998423 11001111111001101000111110101
537502552 10000000001001101000110110001
852468415 11001011001111101000101100120
176505102 101010000101010000010001020
665672125 10011110101101010110011100112
15502658 11101100100011010100112
693480877 10100101010101101011011011020
432365015 1100111000101010111011110020
631425488 10010110100010110010011101120
567643524 10000111010101100011011001001
101932009 11000010011010110111111100
529836869 1111110010100101010110101011
138890879 100001000111010011101000102
602327356 10001111100110110010010100102
692323366 10100101000100000001000010120
620899866 10010100000010001011100010010
422259750 1100100101011001011000011002
606966635 10010000101101100100110111101
518456026 1111011100111000000101110101
752884337 10110011100000000110100111012
208621090 110001101111010011100011000
620521315 10010011111100011001110111010
32987889 111110111010110101200000
26620235 110010110001100010101012
663285908 10011110001000111100001010000
114450718 11011010010011000010010101
564061037 10000110011110111000110111112
791563144 10111100101110010010111001100
317299920 1001011101001100111001101200
434874035 1020111101011101001101100010
410773123 1100001111011111001101001002
595169397 10001101111001100100001000000
705269567 10101000001001100011110100110
354201388 1010100011100101011110011110
218153879 110100000000110000111010000
545202692 10000001111111001000100000200
834347827 11000110111011001000110100000
711969704 10101001101111110010111011102
295584761 1000110011110010001000000002
679375792 10100001111110011100111020000
682373314 10100010101100001100001100112
703984236 10100111110101111100100111120
267537038 111111110010010010101001112
408178969 1100001010100010100010010002
813472445 11000001111100100110101100110
754034850 10110011110001101010001011000
6596224 1100100101001101000101
41112842 1001110011010101010001012
261990448 111110011101101010000011200
535426040 1111111101001111101000000100
413877507 1020010101011010001010000200
590637034 10001100110100011001111111102
892212050 11010100101110000100110102000
773415034 10111000011001011000001000011
627413209 10010101100101100100001110012
185877516 101100010100010001000001011
42799670 1010001101000100100012000
838479674 11000111111010001011110100102
795730105 10111101101101111000001100101
586014723 10001011101101111000000000102
609426380 10010001010011000110111101102
443289831 1101001101100000100001111010
832616140 11000110100000101101101101102
672767466 10100000011001100111011111101
722240894 10101100001100100001011000101
865531215 11001110010110111101010102000
166766572 100111110000101001111111111
509372344 1111001011100011001111100100
635203254 10010111011100011011101100012
405217210 1100000100111000111111100100
1020786 1111100100110111120
78311849 10010101010111100011011020
623471530 10010100101001011010111011101
94420652 10110100000101111101011102
555460956 10000100011011101010010110101
755171008 10110100000010111111101100200
201493698 110000000010100011001100110
587839445 10001100001001101101111110010
892108876 11010100101100100000000101020
207365654 110001011100001001100010000
131989950 11111011110000000011011120
512020539 1022210000100110100000100101
293399110 1000101111100111010100101011
883275357 11010010100101101101100110111
7512327 1110010101000010000102
100822451 11000000010011011011011200
584622257 10001011011000101000001011112
202377478 110000010000000010010000111
542699174 10000001011000111011101011010
557212873 10000100110110011001001101012
545451767 10000010000010111011110000001
548915980 10000010110111110010110001102
500149207 1110111001111101010111110102
613591861 10010010010010101010110100000
539436705 10000000100111001001101010111
394347057 1011110000001010000100011111
76771935 10010010011011100100110110
648034245 10011010100000001101111101002
89777256 10101011001111001000111012
546054915 10000010001100001000110000110
774840611 10111000101111001000010011000
501871879 1110111101001111101010001100
800731161 10111110111010001100000010020
540984490 10000000111110110001001011020
23316381 101100011110001111010102
127673587 11110011100001001001120000
435499657 1100111110101001100101001100
571884377 10001000010110010000110110010
545124482 10000001111101111100001000200
25066237 101111110011110110000110
181292903 101011001110010011110111020
364292769 1010110110110101010101011000
624884861 10010100111110111111001000112
331600554 1001111000011110100101011101
252336795 111100001010010110101010100
298003581 1000111000011001011001000100
691837776 10100100111100100110110101200
206006864 110001000111011010100101112
215657538 110011011010101011000100200
692232459 10100101000010101000010001011
732057250 10101110100010010011101011000
64887431 1111011110000110101001011
793717459 10111101001111001010101110010
353884224 1010100010111110110000100112
121498450 11100111101111010110110002
143711331 100010010000110111000110120
587390301 10001100000010110111010110102
387649759 1011100011011000100001110111
802326098 10111111010010100001100110000
34238348 1000001010011011111001100
619206238 10010011101000010101100110110
409762786 1100001101100011110111111002
303858499 1001000011100100000110100112
406809269 1100000111111011010101100010
206258544 110001001011010000010111111
5473399 1010011100001000120000
670071910 10011111110000011111000111020
25957680 110001100000101010011102
716991328 10101010111100011010110111000
840962903 11001000100000000100110110000
813588239 11000001111110010111110001001
198134291 101111001111010010100010000
689849661 10100100011110010001010100101
671604474 10100000000111110111110000020
845734160 11001001101000111000010001111
201510157 110000000010110011010001020
469830901 1110000000001000011001112000
138486339 100001000001001000100100102
216616095 110011101001010011001010111
259455929 111101110110111110111100111
334979896 1001111110111011000110100100
830226694 11000101111100010000010001001
196926901 101110111100110111011100012
388135780 1011100100010011110110111010
812787628 11000001110010001001111011102
852367454 11001011001110000110000110110
380252883 1011010101010001100101110000
116747261 11011110101011011000000102
795787068 10111101101110101111110100200
538493452 10000000011000110000100001010
350818038 1010011101001000011110000001
187634791 101100101111000101000111011
439015199 1101000101010110101110010112
838598517 11000111111011111111111000101
640342196 10011000101010110110001100000
342068325 1010001100011100011000111001
237464388 111000100111011010110101002
661372129 10011101101011101111001111010
362072088 1010110010100110010000010002
528051273 1022221111001011011000101120
532811526 1111111000010000011110001010
697742924 10100110010110101101100101110
802637153 10111111010111010001010111002
706574128 10101000011101011101110012000
176761175 101010001001001010010110001
58892873 1110000010101000100100101
83800646 10011111110101100100101011
226012374 110101111000101011001110011
284029170 1000011101101111100001200000
640986884 10011000110100101011110001001
861482079 11001101011001001011000110112
487607257 1110100010000010010111110012
437164413 1101000001110100110011000101
326015062 1001101101110100110000110010
722954640 10101100010111011010011001200
626988353 10010101011111000101010100200
263937617 111110111011010111100110002
377413648 1011001111110111000000001120
747395890 10110010001100010110110012000
249769663 111011100011001011101100120
766337095 10110110101101011000000101011
242463520 111001110011101100110010200
419429470 1100011111111111111000111001
810241255 10200001001011010011001111012
603860726 10001111111110001011110000012
501948720 1110111101011001000010011200
748631322 10110010011111001101010010101
125444339 11101111010001000001120000
848533052 11001010010011100101100100101
732647892 10101110101011010100011110010
718674378 10101011010110000110011101101
492760343 1022101011110111011010010102
109667450 11010001001011001001000010
679930451 10100010000110111010100102000
308313509 1001001100000011111011011002
456804241 1101100111010010001111002000
226569866 110110000001001011101001012
584793378 10001011011011001111010011001
861418434 11001101011000001100111101000
192559371 101101111010001110010001101
867790528 11001110111001011011101101001
231937459 110111010011000101011100000
699798504 10100110110110000100111111100
836739652 11000111011111101000100101010
811156342 11000001011001010000111000000
385293749 1011011110111000111011100012
390691692 1011101001001011110110111112
546909009 10000010011001001010110101112
145107859 100010100110001010111001200
195622734 101110101000111101110101120
323982600 1001101001111100101010001012
516620230 1111011001010111111111101102
723991060 10101100100111001110100010001
362420086 1010110011010000101111000002
512803457 1111010010000110000101000111
456847381 1101100111010111100000010002
241494116 111001100100111010000111001
325234638 1001101100010101011111101120
677233698 10100001011101110001000010010
744891427 10110001100110001001000010120
677907872 10100001101000000011011010110
34149796 1000001001000101011010112
723875341 10101100100101011101100001110
427525241 1100101111011100001001000012
715570947 10101010100110101111110001002
735146675 10101111010001011100101100001
434887305 1100111101011110110101001102
448346079 1101010111001001101111111000
246570906 111010110010010111111010102
271944284 1000000110101100010100110020
855676270 11001100000000100101010111102
168590513 101000001100011111001011120
294090324 1000110000111011101100110001
691939383 10100100111110001010000100002
42370318 1010000110100001010001020
417820219 1100011100111011011100100102
280457899 1000010110111011100101011102
613255758 10010010001101100010100101102
873647942 11010000010010110011110101010
121271523 11100111010011101001111002
209291275 110001111001100010000001011
274463047 1000001011011111110010101012
168445168 101000001010010001001111110
559081838 10000101010010111010010111111
207713812 110001100001011101100002000
5773277 1011000000101111110100
546590593 10000010010100010011111000111
386440967 1011100001000100111110001010
242440037 111001110011010101110111012
327063986 1001101111110100110011100001
642202685 10011001000111001111000100102
530594650 1111110100000001110110110101
687732573 10100011111101111101110111000
560300956 10000101100101100000111010100
465635438 1101111000001000010000111102
164859122 100111010011100011001120000
477002022 1110001101110011110010011012
353922860 1010100011000011011110011102
94132385 10110011100010110001010112
457612835 1101101000110100111100011001
652779233 10011011101000100111101111001
864737537 10201110001010110110010000200
536199966 1111111110101110000110010200
825930736 11000100111010101100111120000
698001894 10100110011010101010011111012
724281967 10101100101011101010100111200
163045355 100110110111110111111110200
521216457 1111100010001001000011101012
11045867 10101000100010111111020
148055676 100011010011001001101000020
507124039 1111000111010000110010101011
513831894 1111010100000011100111110011
285978175 1000100001011101011100100110
602771945 10001111101101100100011111102
727984348 10101101100100001010001110101
333857266 1001111100110010000011120000
253357592 111100011001111011100010020
88262070 10101000010110001011100000
321886765 1001100101111100110100011111
574663449 10001001000000101010110010002
75939165 10010000110101111010110102
266451449 111111100001101110100000020
844099682 11001001001111111100000111001
837468866 11000111101010110000101101000
85992126 10100100000001000101100012
790874724 10111100100011110010100111010
493725117 1110101101101101001011100112
451222980 1101011100101000111011101010
325422600 1001101100101100011100001011
103401180 11000101001110001101110101
262872566 111110101011000111100000010
433146053 1100111010001010010001101001
563436386 10000110010101010110110111000
197864606 101111001011001011001010111
134278341 100000000000111011001100120
427588593 1100101111100011110120000000
450939880 1101011100000110010111110101
545202738 10000001111111001000100011200
679899867 10100010000110011100101110100
751949561 10110011010001110101110000020
527363634 1111101101110111011100100010
71925281 10001001001011111100010112
887952073 11010011101101000100101101100
414960224 1100010111011110010100110200
370821600 1011000011010010010011110112
315537379 1001011001110101101111111011
578143554 10001001110101110001010100200
490317215 1110100111001101001011010120
417811823 1100011100111010011010111200
698893520 10100110101000010001001101111
407906750 1100001010000001010011100100
143412838 100010001100010011100111001
266287906 111111011111001110110011011
124190112 11101100110111111011011001
690799081 10100100101100110000011111020
586604071 10001011110110110111100011100
650893591 10011011001011110110010010012
207753015 110001100010000011110100001
58566382 1101111101101001101111200
794732792 10111101011110101010010000020
662645391 10011101111111001010101002000
772226539 10111000000111001111011111111
897609157 11010110000000011011011101002
482850278 1110011000111101101011111100
862051801 11001101100001110111011110102
647969079 10011010011111001110010100012
705965509 10101000010100001011011101001
811211171 11000001011010000110011010200
808375721 11000000101110110101011011100
407252597 1100001000110001011100120000
530005033 1111110010111001111000011102
817858097 11000010111111100001100012000
21258880 101000100011000101000100
187753072 101100110000111000100111112
225786766 110101110101001110111001120
547689328 10000010100101000100110111111
210602305 110010001101100010010100111
190602816 101101011100010111100100120
379414557 1011010011101011010000010102
257997502 111101100000101110101100111
480778096 1110010101000000101110111120
490411276 1102100111011000101010001110
393095315 1011101101110001010001010000
758726278 10110100111001001111101001012
775842639 10111000111110011010110102000
130939973 11111001101111111000101012
275690346 1000001101110101100110111101
386504933 1011100001001100110001111002
361759237 1010110010000000000100000111
92745340 10110000111001011101000100
661793694 10011101110010001010111010112
203527779 110000100001100101100110120
380394223 1011010101100010110101111200
479832513 1110010011001101010011100200
835348816 11000111001010011010010101120
390162439 1011101000001011010000001001
467159010 1101111011000010001111111002
394619275 1011110000101011010011001101
566280277 10000111000000110000000101120
581808557 10001010101101101100011011111
577893423 10001001110001111101000011112
776329709 10111001000101110110011111120
460166616 1101101101101100101011110101
161610267 100110100001111110100010100
626706367 10010101011010110001111100120
694083176 10100101011110110111100111102
742776210 10110001000101110111011010000
451401679 1101011100111110101111110001
637346674 10010111111101001000111000000
450804898 1101011011110101111001011010
840240501 11001000010101000011010200000
442667585 1101001100010100100100100111
134471453 100000000011110111110010101
227885173 110110010101010000000120000
251098587 102211110111011101011111000
24386334 101110100000110110010101
131226499 11111010010010110111001001
360663975 1010101111111010010111011101
52673961 1100100011101111011011100
379834075 1011010100011110011101110110
394754320 1011110000111011110010001020
209161389 110001110111100011001011111
410935710 1100001111110011000011010111
248871551 111011010101011110101000120
36509993 1000101101000110010011010
497494416 1110110100111001010011001200
116271469 11011101110001010010111111
851950598 11001011000111101111000001011
538837884 10000000011110000000111000011
730910880 10101110010000110100001010111
635788265 10010111100101010110111111110
248445159 111011001110111110001111101
844863484 11001001011011100110000000100
702212084 10100111011010111010000000000
334731919 1001111110011100110101001200
178339288 101010100001001111011110012
234123918 110111110100011100101001112
574755408 10001001000010000100100101101
449244212 1101011000110111011000100001
374244028 1011001001110100000101100100
544641842 10000001110110100100110011200
48650758 1011100110010110100001001
95538767 10110110001110011100101002
425497839 1100101011100100101001111120
109985264 11010001110001111011112000
697621759 10100110010100110111010000111
109628082 11010001000110010101011120
762837833 10110101110111111110110101112
23522355 101100110111011000012000
463585460 1101110100001110000001020000
168391276 101000001001011100100111100
167966049 101000000010111101010110112
17737262 100001110101001100011101
826722420 11000101000110110010000120000
653395081 10011011110010000001001001011
490523160 1110100111100110010100010012
849961259 11001010101001011000010011100
680400119 10100010001110000101010000000
676654665 10100001010100111011100101020
841827683 11001000101101010001010111000
638168556 10011000001001101011011111110
619272733 10010011101001010110100010102
303869273 1001000011100101011010110012
864863569 10201110001100110001010102000
790593309 10111100011111011111110011000
872705970 11010000000100011011111012000
395721785 1011110010110001111000100020
321557477 1001100101010100100111111010
608963831 10010001001100000011002000000
110930743 11010011100101010110100010
339180444 1010000110111011110111010111
700295240 10100110111101101010000100120
659099704 10011101001001000100000100001
392159492 1011101011111111000010001010
640053529 10011000100110011100010010011
548527557 10000010110001110111011101010
846574692 11001001110101101101000111010
227883618 110110010101001110100111000
583547600 10001011001000001110101101112
86455394 10100100111001101000110120
628383779 10010101110100011000000010120
314607618 1001011000000100010000000101
514959863 1111010110001101010100000010
125193918 11101110110010011101100112
296688842 1000110101111000111001101101
284485818 1000011110100111010001100020
573565647 10001000101111111010101101200
158628904 100101110100011111000011012
723682103 10101100100010100000110100001
304026629 1001000011111000101000000200
49966873 1011111010011011110010100
625226369 10010101000100001100101000110
136573117 100000100011111100001100100
693477496 10100101010101101000001000002
853136024 11001011011001110100101010020
319825502 1001100010000001001100110100
606004712 10010000011110111001011111100
266453347 111111100001110000010111001
148715492 100011011101001101111111011
547776376 10000010100110011001111000010
547994825 10000010101001101111001100110
394505745 1011110000011101011100001200
261637198 111110011000010001000101102
88428114 10101000101010011100101120
699057549 10100110101010110001011001110
9536348 10010001100000110110011
525212975 1111101001110000111010011200
620706949 10010011111111001111001001012
3713630 111000101010100110100
425463122 1100101011100000011010101200
207230813 110001011010000101110110102
224725235 110101100101000010001112000
69921010 10000101010111010001111200
26713680 110010111100111100101120
507211327 1111000111011011011100100200
897247339 11010101111010111010000111111
528003333 1111101111000101100010001010
576959331 10001001100011101100110111001
515149880 1111010110100100100000100010
845270031 11001001100001110011000001110
277250797 1000010000110100000101111100
299042116 1000111010011000001010100200
858097289 11001100100101100001101000120
521530052 1111100010101111010101101011
307208723 1001001001111101000100001200
479169050 1110010001111100010100010020
668807435 10011111011101001100010001100
193399624 101110000111000010110101011
581337469 10001010100110100000011000020
349046670 1010011001110000001111001110
802322642 10111111010010011110001110002
478245847 1022010000001011100111110020
478912023 1110010001011100111100010011
370810268 1011000011010000111011010101
474111912 1110001000010010111111011020
846631557 11001001110110100100101001002
187069567 101100100110011101001000110
530687962 1111110100001101001111110000
144498085 100010011100110111011011010
44090701 1010100000110001010101020
11761437 10110011011101110001112
124502406 11101101011110000011001010
357973465 1010101010110001111011110101
13390170 11001100010100010110010
23045435 101011111101001010100100
666010888 10011110110010100001010001011
594674307 10001101110010000000101000112
826687905 11000101000110010000011010111
505417910 1111000100000000100001012000
346900033 1010010101101010001100100112
223276794 110101001110111011110000101
847525948 11001010000100001110000100012
250914015 111011110100101001001110120
833004002 11000110100110101000011111000
636211072 10010111101011110011111001001
742268483 10110000111110000111100101001
32346404 111101101100100010011000
826782116 11000101000111101100011011002
11278409 10101100000110000101001
127329140 11110010110111000111000001
651400433 10011011010011100101001120000
74684068 10001110011100101101011001
88450976 10101000101101001111010112
221835441 110100111000111100001011200
28666897 110110101011011000001112
761507082 10110101100011101011010001101
408590420 1100001011010100110000102000
225214953 110101101100100000011111020
