-364 576
-283 97
-655 807
-167 554
257 113
-106 379
-162 170
801 500
478 539
-961 406
-547 14
-199 39
470 856
748 733
13 598
937 984
-307 960
528 533
553 123
-765 164
673 819
-310 883
323 925
387 675
587 738
820 240
681 375
447 359
-690 585
-48 304
-846 431
870 370
564 416
-324 789
879 251
690 131
374 349
77 248
-916 580
727 809
562 114
788 617
782 118
163 437
68 421
-946 361
-780 550
-818 428
-929 842
-115 543
359 834
73 643
-669 707
-670 879
-997 156
-975 9
262 760
-300 908
574 687
842 167
-483 79
472 167
710 119
501 554
-766 932
8 44
-475 221
284 656
812 689
-594 92
-922 329
-253 134
-52 271
-72 13
446 973
343 440
-116 731
-750 171
877 808
448 841
16 609
-447 611
189 480
272 381
-746 516
852 626
591 694
626 182
295 428
515 625
-702 62
-354 516
821 789
18 932
926 451
113 187
-147 534
-916 709
-766 679
-297 752
-508 743
41 469
987 992
-285 708
-228 681
-998 724
-833 316
467 703
-115 346
-6 467
-277 110
638 845
-802 902
284 913
-982 885
-137 124
-709 870
529 394
575 987
57 524
350 484
81 313
790 876
106 821
-664 460
814 967
537 283
-998 484
326 773
710 41
-873 967
-29 957
-770 285
-208 157
221 291
472 9
209 16
779 500
-322 89
55 626
984 162
-781 586
-788 278
-551 146
-599 47
-18 225
751 409
-881 31
-334 609
-23 297
938 380
420 289
-502 402
-115 635
522 761
895 258
68 645
-147 168
904 557
-817 804
972 801
-633 758
-60 503
351 46
-487 613
-800 67
-247 257
-895 671
-804 901
842 447
590 390
132 761
813 371
-832 430
609 594
-544 679
-926 30
-490 27
651 389
359 406
-134 654
283 550
-880 256
420 599
683 493
-520 886
-659 709
-148 571
329 879
-801 471
-454 650
-831 797
416 922
-338 309
-24 654
-213 275
-442 918
-804 615
-334 130
479 165
-996 182
969 252
-147 82
842 76
652 333
207 976
745 241
453 212
-407 905
-459 872
687 64
-848 689
-908 483
-584 353
-814 814
-648 5
-590 525
-31 93
928 792
-414 496
296 602
612 757
-576 867
527 566
-926 688
-612 935
436 140
201 773
741 409
-702 761
406 943
-382 531
674 117
597 443
556 733
-263 835
-620 656
-799 801
-715 203
-347 265
750 538
778 718
-677 953
649 769
671 714
-417 794
-336 392
881 899
31 474
281 957
-189 851
-607 449
241 102
267 369
890 790
-518 639
385 332
-143 219
-457 738
-826 362
293 508
-317 17
-555 998
57 185
766 760
33 613
810 887
-80 39
-715 541
-139 592
308 536
-141 182
-976 952
38 367
686 850
-92 92
-372 402
-127 145
890 877
318 665
610 964
128 191
293 276
-727 15
-28 611
613 954
552 365
-462 904
606 516
428 568
290 318
-107 779
-793 912
-322 551
609 985
757 880
79 921
-613 624
72 880
-897 774
81 147
-932 501
808 441
189 283
64 483
-999 970
-999 370
-898 804
-373 259
622 887
-385 981
816 96
330 83
453 995
-649 637
377 513
-576 129
-383 162
-7 71
-633 866
-375 58
-978 648
-203 858
708 561
-949 150
4 964
-280 166
629 686
118 487
-397 125
614 696
280 834
886 354
918 0
-18 652
-285 817
77 659
706 751
763 121
26 439
-341 613
-955 642
-416 592
-121 830
648 112
-727 506
-616 877
961 14
-906 936
688 248
-483 180
551 291
225 852
119 738
-417 820
-508 899
400 164
277 86
346 135
570 724
691 498
986 581
-445 496
953 594
532 897
162 889
377 803
375 174
-920 233
130 582
-891 135
774 423
221 264
23 620
908 335
323 653
-645 105
539 154
233 468
194 32
-955 353
-847 301
-954 404
949 701
487 68
150 174
-655 878
-620 1
-521 516
240 767
-24 67
868 27
-747 354
288 903
512 702
690 750
-388 418
81 680
-409 820
423 316
817 419
968 879
-185 509
-877 995
-879 564
-796 20
-124 520
19 643
724 448
157 533
810 842
988 414
-482 18
358 79
625 975
-689 839
-182 193
-676 405
107 175
597 659
-177 973
390 550
882 2
707 442
221 655
469 66
-84 708
420 78
606 773
-605 837
889 521
227 274
-409 275
629 59
-975 305
224 995
-170 394
-629 354
151 997
-25 298
339 316
76 986
586 847
335 504
817 125
-739 7
209 230
118 984
475 107
136 141
-772 575
135 249
-663 535
-970 635
-824 276
-251 913
602 530
-744 808
24 81
863 346
-839 144
-393 633
494 593
492 399
603 999
489 200
2 21
382 391
173 120
-979 326
647 684
257 321
359 53
491 353
458 284
-390 510
333 337
-938 782
340 343
26 602
-822 363
-277 240
917 990
697 771
-219 18
722 382
-503 329
173 672
77 521
-919 120
116 148
707 138
-658 828
-738 562
-329 900
-718 581
604 489
-237 32
-838 71
813 408
741 400
-151 32
418 375
-113 160
641 755
-8 626
298 367
-562 897
-685 326
-670 650
-597 556
-422 125
-250 615
-395 84
470 972
444 617
-590 142
-489 447
-811 610
665 287
806 870
-182 123
736 31
-897 54
-563 42
-761 618
-508 994
660 76
763 816
644 122
-293 377
-868 876
-129 369
208 960
-808 317
945 919
-639 174
995 222
697 34
-182 871
418 980
97 845
485 83
774 831
-384 137
101 643
366 698
928 196
-767 236
-792 406
-370 149
42 678
36 928
185 439
603 50
131 7
-27 713
-109 344
388 3
-701 250
-152 604
-468 333
178 914
-836 21
475 803
-878 14
794 430
56 479
422 479
430 515
104 747
815 954
-53 115
-894 278
803 54
960 401
-792 479
-100 620
-131 790
-396 115
529 554
787 476
-942 108
-576 342
-968 727
662 133
-859 875
417 836
-537 760
-670 876
856 504
-113 832
914 741
810 843
-78 642
-564 561
840 894
-546 99
-40 307
-508 822
496 36
-425 235
-778 164
-195 288
526 804
-506 853
389 4
918 972
989 403
-886 631
357 186
537 685
579 162
-104 255
-863 62
-86 893
914 107
-573 614
159 171
359 892
-461 881
867 766
127 343
615 239
554 468
847 124
-535 825
221 210
-953 642
-139 557
-175 714
245 446
609 887
334 524
-860 876
-253 91
-726 909
509 986
-662 989
232 862
-608 364
-738 52
-204 725
846 988
951 723
-23 273
-628 427
713 765
1 868
-915 801
201 627
277 425
-184 835
887 606
-710 394
-884 942
928 671
-757 782
-200 376
911 191
888 640
-809 230
214 68
-694 102
759 758
196 808
146 491
-94 434
896 296
310 798
675 202
503 865
16 674
41 204
490 894
180 791
-484 557
643 553
-973 923
-84 572
534 18
-617 798
403 602
-420 634
-89 167
-834 677
601 328
14 972
371 504
-883 722
-354 109
65 24
-950 398
-909 181
711 410
563 621
-430 771
329 734
31 554
-55 461
32 188
-78 751
127 313
995 684
-722 813
58 669
-264 191
395 438
211 608
-663 687
-875 174
-844 692
-752 46
223 941
-628 799
972 287
831 963
103 41
667 769
92 115
-44 93
-283 753
796 914
-572 869
974 14
346 170
-285 51
258 709
148 869
476 510
492 855
121 757
-775 496
-848 319
464 508
972 103
250 357
-94 121
-850 800
-558 706
-532 620
-471 931
-749 292
-128 396
-896 454
438 238
-427 388
-203 897
113 344
-317 372
289 837
-329 234
-669 984
885 329
-334 421
152 431
211 854
-341 853
395 374
997 125
139 996
62 616
793 123
-94 736
396 710
-927 852
387 705
-239 362
-573 171
-223 406
-260 367
-422 809
-90 337
548 45
-387 654
-574 308
502 100
987 297
-435 88
70 862
-963 807
529 924
875 12
-50 698
399 488
-53 636
-241 760
-420 180
-6 512
-537 190
-82 13
-260 246
-825 465
671 428
-251 863
-588 135
-312 749
-587 720
-837 770
-30 981
746 509
-586 790
-591 509
482 676
-446 151
553 565
18 66
600 69
130 959
-337 646
-971 227
-593 176
642 534
578 779
-712 670
914 473
632 485
-697 505
692 50
593 30
-173 611
526 414
-179 824
-952 238
-183 250
974 699
-431 514
-274 875
62 30
-84 2
-426 206
-863 72
-530 389
850 328
910 819
-116 596
-672 423
297 228
819 202
-462 205
-350 230
-351 726
-819 654
-526 277
-287 215
70 992
-743 716
-205 376
576 655
-965 616
-463 923
326 435
-419 231
-65 203
472 125
777 38
1 480
92 355
-340 876
-432 131
-34 383
-796 802
-332 597
-644 692
385 457
533 932
466 191
501 552
-497 64
516 600
416 812
-927 326
-215 987
-893 735
804 559
29 399
-918 529
44 419
45 884
-256 48
-555 159
-875 945
613 659
-307 541
617 948
-709 647
-33 669
558 407
-434 964
-711 454
887 333
-549 967
807 58
-384 768
-585 367
51 568
-32 947
-114 106
606 955
-688 696
-960 921
-487 443
968 522
-923 870
-939 806
-333 507
11 920
-576 541
972 788
-491 340
-427 368
-710 727
695 227
-459 196
-287 363
163 515
295 379
-302 833
65 945
24 968
289 149
-844 859
-334 101
159 286
-550 461
942 284
-195 748
599 35
894 314
-626 707
849 22
-853 676
786 948
841 868
-276 219
77 127
535 477
673 881
337 199
252 231
184 248
352 348
-31 831
-928 591
-904 189
-772 610
420 681
523 165
214 690
-813 521
798 615
407 496
-582 178
894 665
44 444
140 587
-137 578
383 759
278 772
456 831
489 366
-988 93
-467 656
-809 412
646 352
244 59
-37 432
-566 400
255 281
318 289
-969 558
721 493
669 334
-257 257
624 857
-173 519
-122 123
122 33
-897 215
-525 987
71 787
-353 783
807 761
938 897
-712 269
-442 58
-842 578
49 83
29 648
-477 287
819 64
-42 611
-590 136
129 602
-145 577
163 304
-580 293
921 72
150 431
-276 313
508 59
-646 715
-323 436
943 967
780 660
271 469
163 846
595 551
577 63
206 795
818 299
219 478
313 124
-747 795
-340 790
-78 442
-612 350
573 262
656 472
-977 343
-115 55
-599 934
-204 247
32 623
872 70
645 744
586 17
880 944
-317 860
-56 675
-355 545
738 98
-482 362
644 103
898 529
-683 462
-923 140
67 351
618 990
-768 367
-582 176
761 6
-340 647
-412 244
413 183
982 133
-99 742
719 740
-906 315
-493 459
217 220
-955 184
999 479
961 755
-120 968
-585 883
556 490
303 393
44 705
-35 93
-548 939
995 268
383 31
749 611
-889 461
-835 141
-377 309
755 192
103 236
-183 422
276 289
793 792
273 734
-405 612
958 546
446 791
-541 107
-430 261
-231 137
-64 445
261 677
647 738
802 376
100 532
-22 960
61 550
-528 133
-54 840
957 898
832 804
758 687
-469 157
998 76
8 252
-531 615
-612 21
-715 566
-731 494
796 769
-517 863
611 134
705 268
-206 352
814 280
165 233
-941 756
151 436
-407 509
-102 296
88 948
961 159
886 702
730 53
-342 372
106 851
364 445
-618 874
-373 527
-372 397
-150 20
765 320
296 385
439 437
-470 106
578 53
679 825
327 139
-671 830
56 244
-677 112
224 59
491 730
-488 225
669 953
51 585
337 953
-777 130
-190 118
345 229
100 992
-45 982
-807 168
468 808
-752 680
500 449
-261 287
-126 957
716 442
-691 526
-453 822
123 280
262 113
-855 27
-218 432
816 258
794 419
-576 336
994 533
764 274
985 40
449 687
-960 293
-476 877
163 153
40 101
395 587
88 526
191 313
-809 135
-649 699
-879 710
-17 143
-450 830
-235 811
-77 485
-833 890
356 59
-4 285
-822 894
629 107
13 595
415 931
558 839
-960 902
-460 107
-421 130
321 862
-86 768
703 180
903 71
-995 396
-569 458
272 496
-765 460
-376 461
500 540
-240 514
811 387
657 206
907 346
-444 74
324 33
-430 381
-932 610
-758 446
-965 644
909 148
979 844
570 426
826 573
-687 22
-202 544
-218 608
772 759
-571 544
-651 59
124 720
-906 517
-791 249
570 905
688 193
-730 527
-775 369
921 331
-715 413
853 453
-949 861
734 723
563 193
-386 122
-835 249
227 819
351 113
-890 505
-374 988
-871 537
216 512
460 899
836 783
75 253
-651 174
120 807
904 766
96 153
-614 863
-259 688
223 780
120 663
481 786
40 554
-631 867
12 110
-925 271
-512 253
-943 2
-721 430
335 104
-618 24
-498 164
-847 78
959 384
468 470
701 119
488 556
343 742
-992 628
217 945
-714 357
-489 411
503 120
-986 85
-376 808
310 239
-236 507
-433 300
83 558
358 663
200 936
-35 660
-9 525
-811 362
-303 618
912 204
77 256
791 982
-459 281
5 653
-102 144
-482 487
-299 413
304 474
412 966
-220 793
173 465
-383 40
905 805
718 120
-992 585
-863 574
677 420
-872 126
-147 516
-941 694
-502 898
860 125
-930 626
-811 154
191 912
-259 528
422 206
78 287
995 762
310 910
-192 92
511 532
-144 429
493 735
740 75
-876 811
-646 210
-268 916
-861 669
-430 727
127 841
660 538
632 26
616 68
183 94
385 935
550 392
304 114
-797 376
379 515
974 573
-148 466
-480 572
-503 312
-888 378
123 958
707 997
77 498
486 921
163 397
-965 7
-140 504
726 632
518 324
659 823
-971 984
-274 12
911 525
-417 228
303 222
736 638
372 195
-340 761
-691 733
-859 113
163 892
978 776
-157 931
-332 505
-778 133
-93 159
-721 265
441 52
705 473
571 679
954 689
-384 692
992 522
79 655
-617 222
-503 947
-372 150
688 517
-224 863
835 398
420 819
-921 533
334 763
-29 418
806 562
-792 207
479 13
475 522
-523 367
-415 21
415 505
294 846
449 670
-727 649
66 237
-441 212
420 368
-573 955
261 993
431 426
849 155
250 161
978 78
-170 921
709 109
-924 765
970 138
-641 756
-952 890
-143 138
906 786
-538 326
-566 560
731 919
-743 935
-750 823
904 314
710 609
-170 361
21 335
-58 681
-754 484
-197 806
-968 185
-317 12
-275 91
430 67
-270 417
-86 897
548 11
93 193
768 934
-867 385
974 156
-241 201
539 704
698 687
322 847
-57 984
-73 210
568 817
-544 8
-606 19
-816 240
600 549
-272 341
-75 436
732 170
694 373
-184 20
-447 810
125 639
134 939
516 752
-847 908
734 114
121 45
-82 741
488 879
627 152
-713 513
-811 423
-122 938
347 904
629 961
999 279
-175 433
-545 209
142 384
873 165
142 799
-94 22
-565 923
123 990
-41 506
-144 709
381 897
-698 527
-141 650
-431 243
239 723
847 775
707 649
596 881
-554 452
707 313
-15 331
86 554
882 161
-581 215
-992 951
251 890
-372 185
775 423
-959 117
657 632
152 389
-604 842
602 478
113 820
-558 561
632 503
110 367
-881 953
-718 137
-158 140
-951 21
855 515
-358 156
860 893
-541 937
-192 2
980 732
-309 42
746 332
826 893
-266 332
859 125
-502 276
-303 775
511 264
-28 617
-666 309
-327 877
489 80
-598 396
445 361
-383 934
103 788
-42 613
824 360
-318 257
470 88
-192 798
328 640
47 386
-275 81
486 730
890 69
-827 508
830 151
323 791
180 777
-838 239
-91 521
-197 333
-777 341
878 707
965 171
-709 765
-804 317
-850 675
-384 690
-677 19
-455 128
-178 979
-467 613
-323 284
315 645
92 794
-543 422
941 208
923 623
738 440
665 543
336 736
-757 354
-542 816
636 749
-857 184
-24 227
-519 783
666 72
-293 246
-985 122
-962 738
-511 832
880 409
-551 371
897 988
-572 449
899 370
88 312
382 773
-44 631
638 557
938 296
474 131
729 298
769 433
827 859
-558 740
375 915
-856 379
-28 740
-752 322
-884 773
329 215
328 333
-473 901
750 732
-348 223
131 269
-188 4
558 248
-253 80
731 717
301 756
249 523
-727 612
-927 718
-573 966
611 94
533 714
-162 324
-735 661
-852 880
-547 384
-232 477
860 709
877 614
309 577
-500 411
210 373
-871 955
-168 583
243 245
-179 37
-338 154
-677 409
-657 873
591 360
-477 70
702 381
-820 637
-906 931
-535 360
-564 127
881 680
-393 299
-68 961
487 303
-434 998
179 347
529 307
-721 575
-802 1
566 771
743 427
922 178
-444 256
-107 809
568 442
-566 694
-33 731
557 564
-169 391
44 34
-377 564
217 563
320 37
789 464
-433 279
794 257
-436 11
837 276
-413 90
-50 396
-564 327
-11 882
921 541
747 785
972 985
-934 963
626 651
-62 65
431 406
-799 336
-73 679
-402 703
294 34
339 93
-754 375
-460 143
-405 940
400 631
-460 468
771 104
832 461
229 806
593 319
-285 283
914 129
-88 387
-871 661
-985 433
313 331
-568 946
952 700
-883 63
999 109
-849 833
227 699
218 957
54 837
321 855
187 837
560 778
-643 721
156 229
458 230
297 874
-391 652
-248 680
741 4
522 440
325 621
150 780
-198 591
-829 435
980 367
435 762
-15 744
860 876
451 163
387 154
-531 765
583 846
650 271
472 297
-934 923
66 285
-775 362
634 700
-34 42
275 495
-579 293
-307 659
-55 765
-820 37
554 259
-592 358
-474 342
918 258
159 465
74 251
-758 557
-377 866
695 646
813 125
-942 922
446 524
900 619
-827 126
374 406
595 64
-604 756
855 189
-102 478
-102 946
46 325
-892 968
-359 231
-754 924
595 118
-347 531
-582 474
87 927
367 711
654 495
-99 169
-442 658
678 588
-435 172
-228 248
70 217
585 249
569 798
956 380
155 607
113 70
-667 443
987 775
-509 11
-336 843
380 538
257 793
889 319
277 853
-12 293
-223 536
-849 835
-298 63
-739 895
-809 489
881 798
-523 265
-511 119
-328 412
-90 5
-692 348
-109 547
55 355
-240 73
979 812
370 661
252 770
-360 117
-905 828
-268 417
-148 392
-555 110
514 76
-99 580
-618 141
755 561
-104 598
456 854
82 514
-306 375
-331 860
-903 240
-47 267
774 707
-479 36
-109 711
225 575
-966 322
334 644
-451 918
936 134
-881 90
758 637
333 503
-874 554
-88 763
-385 35
-833 603
-603 582
61 280
88 610
-100 108
250 353
-875 782
-853 234
-938 130
515 964
366 940
-565 356
-952 26
840 167
-607 881
-315 219
231 944
171 7
801 1
128 476
-59 478
-278 587
938 368
-82 517
699 994
650 49
-493 812
267 264
619 651
-277 493
174 894
426 865
-538 932
760 427
-347 481
-915 572
417 320
-843 631
444 825
156 311
-33 123
-191 860
595 845
746 797
268 671
980 257
-413 30
724 305
830 172
927 77
-626 845
-445 31
676 213
384 172
-528 552
7 382
-392 762
861 38
-510 117
-421 927
-513 960
-170 934
-493 228
22 350
965 274
853 201
63 720
469 560
-990 275
574 291
-214 399
132 708
249 993
33 397
-541 397
164 314
710 531
-235 593
-637 324
-45 526
-819 179
-3 371
-771 151
-807 581
-608 205
-716 721
782 506
-937 613
151 758
978 76
635 267
-9 345
822 829
614 5
631 228
-223 659
-724 972
-693 0
844 198
946 216
80 399
-939 35
751 870
-717 799
916 683
-317 455
-882 251
538 833
-332 168
716 78
-333 445
-574 514
-747 719
-12 515
496 583
659 854
-552 949
-939 716
-479 934
-498 156
-778 558
-680 755
-65 248
-209 782
579 105
-964 264
-438 141
43 135
-244 850
-405 728
364 201
-191 691
-693 59
809 121
-150 919
107 729
640 137
518 979
-813 807
-869 388
855 597
201 232
-368 544
-576 525
86 383
-828 571
292 958
864 714
637 997
628 909
-404 877
589 994
-523 722
-64 195
862 355
35 886
-460 310
423 568
-309 289
-27 505
-267 532
-284 617
798 370
821 449
114 167
443 179
