Nikodem 3 530 530
Adela 628 706 110
Mirosław 977 673 911
Olena 209 944 764
Ksymena 174 536 496
Iryna 598 106 585
Elwira 354 178 241
Ana 718 255 495
Nikoleta 240 199 214
Ilona 741 584 322
Brajan 802 854 663
Jakob 392 5 388
Beniamin 346 313 68
Jonatan 753 490 560
Kuba 827 510 803
Igor 550 731 636
Mikołaj 64 798 793
Bogumił 498 232 404
Andrzej 46 249 230
Antonia 192 730 688
Philipp 635 143 581
Marlena 26 724 710
Roberta 540 781 565
Beata 606 116 565
Oliver 135 317 235
Vittoria 421 400 217
Martyna 191 368 179
Fabian 199 71 133
Karolina 565 840 662
Christopher 284 879 731
Gabriela 501 684 314
Arianna 322 912 652
Kacper 902 212 817
Philip 433 570 412
Kesja 849 976 639
Marcin 731 872 231
Oleksandra 761 30 747
Nikola 52 761 751
Ryan 902 332 719
Marceli 131 717 608
Viktoriia 42 269 246
Weronika 228 682 463
Dobrawa 640 796 514
Alex 507 144 482
Rebecca 169 133 166
Mario 600 443 363
Patrycja 905 125 887
Lara 529 742 684
Gaweł 979 486 771
Marianna 261 911 746
Christian 813 437 670
Radomir 569 445 157
Eryk 248 545 406
Symeon 666 816 462
Kuba 803 948 554
Hoang 248 310 265
Fryderyk 417 19 400
Remigiusz 630 121 568
Nicoll 896 152 850
Bogdan 722 97 643
Oskar 205 722 558
Kajetan 443 204 334
Miłosz 369 846 704
Fryderyka 5 746 743
Radosław 440 189 369
Angelo 67 176 156
Bianca 37 693 664
Maciej 717 310 693
Juliana 655 209 604
Natanael 960 48 920
Marita 902 819 486
Bolesław 726 457 405
Samira 291 374 95
Krzysztof 113 641 600
Zuzanna 434 474 366
Silvia 33 408 376
Michelle 153 857 766
Jarosław 913 788 672
Józefina 450 765 718
Anastasia 894 862 524
John 763 507 561
Melissa 273 195 84
Dymitr 406 660 427
Witold 768 502 284
Wiktoria 878 151 784
Tymon 453 962 748
Deniz 418 744 674
Robin 287 340 160
Lisa 768 697 628
Giovanni 828 68 767
Cyprian 66 671 625
Magda 535 735 233
Marcel 508 67 498
Julita 376 256 121
Pavlo 366 672 578
Felicja 78 983 951
Nazar 341 657 529
Viktoria 621 720 689
Filip 418 434 429
Veronika 995 719 929
Leonard 812 621 319
Alessandra 270 5 268
Michał 53 534 510
Mathias 395 520 126
Nicol 831 701 191
Erik 171 841 766
Stefan 611 101 526
Dariusz 710 962 615
Józef 695 825 315
Jonasz 574 706 552
Stanisław 289 283 194
Sylwester 415 136 332
Lorena 157 257 162
Oskar 732 342 503
Jennifer 21 58 56
Nastazja 777 247 572
Guy 601 356 273
Jenny 41 185 181
Andrea 832 116 742
Oliwia 661 138 661
Anita 911 452 674
Bogumił 292 559 445
Sylwester 729 216 665
Klaudiusz 480 37 455
Paweł 48 101 58
Joshua 97 679 671
Ivan 991 365 933
Maryla 554 388 297
Arkadiusz 2 349 349
Emanuel 668 62 659
Ahmed 43 564 525
Cyryl 826 519 723
Jeremiasz 492 413 212
Teresa 730 772 206
Melanie 368 135 250
Bogna 198 453 357
Liza 833 487 447
Wiktor 652 790 477
Inez 904 543 873
Kamilla 79 474 448
Sandra 711 88 700
Marsel 341 560 373
Aurelia 411 67 360
Nicola 913 662 262
Honorata 715 85 667
Maurycy 210 694 628
Amelia 383 948 915
Marina 552 892 704
Monica 772 803 514
Eric 40 470 454
Bohdan 615 868 773
Viktoriya 607 100 567
Ernest 995 703 849
Regina 465 21 454
Jonatan 666 407 288
Erika 795 654 537
Esmeralda 883 309 617
Juliusz 528 500 512
Ksenia 593 682 681
Sabrina 677 771 231
Linda 874 484 748
Oktawian 604 30 593
Ariel 740 303 679
Rafał 373 186 214
Pola 522 150 509
Vivien 353 463 204
Maxim 554 514 61
Zbigniew 354 699 689
Patrick 573 390 480
Maryam 608 116 502
Nelly 707 13 697
Carmen 535 932 581
Czesław 972 259 731
Olga 504 98 482
Włodzimierz 316 864 857
Antonina 840 214 750
Tytus 828 850 92
Armando 406 485 80
Lidia 214 20 209
Alan 714 507 277
Martin 93 905 835
Róża 672 615 275
Nikolas 932 822 682
Olgierd 249 870 729
Giacomo 271 710 578
Carolina 64 362 314
Aneta 199 760 630
Marzena 499 55 474
Megan 970 630 936
Salvatore 587 387 337
Liliana 992 162 974
Patryk 771 154 744
Izabela 177 786 697
Matthew 304 884 666
Jacqueline 41 687 654
Yasmin 401 443 390
Jordan 428 108 426
Edwin 205 229 65
Adriana 976 428 806
Fabian 692 840 390
Majka 968 528 946
Kristian 668 966 569
Miriam 498 643 450
Kamila 610 859 745
Angela 132 78 55
Sean 125 269 268
Milan 215 550 477
Ludmiła 871 75 811
Iman 497 933 826
Nikol 485 616 572
Artur 888 263 872
Philip 482 782 704
Bogusz 847 802 528
Greta 180 224 177
Marika 690 283 629
Matylda 214 989 894
Jaromir 567 838 370
Alice 820 1 820
Bogusław 318 862 718
Eryka 117 764 709
Simon 401 470 290
Jeremi 284 273 278
Gaja 815 42 807
Pascal 463 756 365
Bastian 484 131 435
Daria 732 43 707
Wiesław 110 984 970
Wanda 56 911 896
Angelo 28 99 85
Anika 579 87 561
Matteo 502 585 558
Leon 560 968 934
Kasjan 581 984 619
Olivier 428 810 561
Cezary 903 54 862
Robert 133 68 77
Marieta 130 581 540
Olgierd 302 533 244
Chiara 50 610 593
Julianna 612 841 568
Grzegorz 33 72 59
Ricardo 691 659 533
Edgar 808 833 295
Alexandre 916 161 854
Dmytro 309 417 382
Otylia 712 395 467
Norman 238 9 233
Andreas 380 652 411
Dawid 728 329 711
Michael 482 872 553
Leszek 57 703 692
Maciej 643 448 440
Waldemar 413 927 600
Diana 73 729 717
Jonathan 963 669 619
Nadia 478 573 166
Kamelia 702 780 197
Antoni 117 273 230
Lilianna 944 743 465
Felix 992 497 736
Stanisława 960 238 960
Raphael 191 195 104
Ernest 391 84 327
Omar 66 189 180
Alessandro 928 571 398
Szczepan 467 994 852
Bianka 184 680 563
Daniel 442 514 258
Korneliusz 881 764 454
Iwona 849 676 356
Wincenty 774 391 683
Rajmund 417 500 117
Anton 925 769 737
Henryk 250 987 916
Olimpia 450 407 165
Sabina 581 98 548
Madina 444 308 311
Paloma 375 55 363
Davide 860 716 638
Balbina 101 871 861
Bartosz 789 237 662
Justin 101 137 82
Błażej 158 846 823
Agata 899 920 844
Dennis 463 838 586
Kalina 677 935 570
Kamil 559 840 501
Urszula 44 377 373
Gracjana 860 200 804
Jowita 359 128 287
Paul 681 646 232
Agnieszka 348 710 380
Kajetan 90 299 280
Zenon 813 301 560
Borys 848 369 484
Krystian 318 692 505
Radosław 366 291 180
Enrico 110 652 589
Alessandro 776 167 694
Adrianna 64 507 480
