17 164
16 163
16 161
18 166
14 158
15 173
15 178
15 163
16 177
17 168
14 166
18 179
17 171
18 171
14 158
17 186
14 167
18 188
15 183
16 168
18 191
15 158
14 180
18 174
17 176
15 167
15 182
18 193
15 176
18 189
14 158
15 166
18 158
16 183
16 159
14 179
16 176
16 171
18 170
18 178
18 174
15 175
15 176
17 177
15 182
15 161
18 186
16 187
17 161
16 175
16 168
18 183
15 165
16 170
17 158
16 180
15 171
17 166
18 163
16 165
15 173
17 165
17 157
14 157
14 162
14 180
17 158
15 174
18 189
18 183
14 166
17 157
15 166
14 161
14 166
18 192
15 174
15 184
18 190
17 176
14 156
14 158
18 191
18 168
17 183
16 156
17 158
16 183
14 158
18 188
16 173
18 165
18 170
16 180
18 160
16 168
17 186
16 167
18 171
15 180
17 157
18 162
17 162
14 158
17 186
14 166
18 171
14 181
18 168
16 172
18 159
17 175
14 175
14 167
15 178
18 169
15 170
15 180
17 163
17 174
14 163
15 161
14 161
16 163
14 177
16 159
17 163
16 156
17 171
16 174
17 171
16 156
14 160
14 154
17 178
16 174
16 157
17 166
14 178
17 174
18 171
15 175
18 174
17 165
16 170
15 170
15 160
16 176
14 181
16 184
15 164
16 167
15 157
14 181
16 169
16 170
14 180
17 163
17 167
15 175
15 178
15 177
18 191
17 166
14 164
14 163
16 182
18 160
15 158
16 163
17 159
16 166
18 169
14 163
14 163
15 174
15 176
18 172
18 159
18 181
15 184
16 186
14 170
14 160
14 158
17 159
16 183
14 155
15 176
16 158
18 193
17 164
17 169
15 169
16 183
16 177
17 179
17 190
15 180
14 157
17 164
18 181
16 183
18 167
18 160
15 183
14 163
17 176
18 165
17 171
17 184
16 174
14 161
16 160
16 159
16 158
17 172
14 159
16 176
16 160
17 159
18 185
16 170
15 178
18 192
18 176
17 168
17 176
15 183
18 176
14 155
14 158
17 183
15 156
14 165
14 157
15 184
14 165
18 165
14 160
14 176
14 177
18 169
16 180
17 190
17 168
17 175
18 164
15 173
17 177
16 166
14 178
16 178
14 165
14 180
17 168
15 170
18 182
14 172
14 170
17 173
16 163
14 176
14 173
18 183
15 181
14 173
15 155
17 174
16 184
14 180
17 187
14 171
18 167
18 161
15 168
18 189
16 173
16 164
17 177
18 186
14 173
15 183
16 168
18 172
15 177
17 158
17 182
17 182
15 170
15 171
14 164
15 159
18 169
15 175
14 164
18 175
14 179
18 159
17 166
18 158
18 167
15 173
16 178
18 163
14 163
15 159
15 175
16 163
18 176
18 171
14 154
15 168
15 161
14 155
17 185
17 187
18 176
18 168
16 181
17 167
17 166
18 177
16 183
14 165
18 184
15 181
17 173
17 160
18 176
17 178
17 171
14 174
17 187
18 186
16 169
14 167
17 157
18 168
17 174
18 186
14 157
15 158
15 160
15 184
18 184
15 171
15 181
14 179
17 178
16 183
15 164
18 174
15 169
18 185
15 167
16 168
16 172
15 172
18 167
16 164
15 167
17 162
17 184
15 164
15 165
17 172
15 177
15 168
14 169
14 159
17 158
14 167
15 166
14 180
16 157
15 178
16 169
16 164
17 169
15 174
18 188
14 156
17 163
16 161
17 180
14 171
15 156
16 168
15 169
17 159
18 159
14 159
16 162
14 177
14 168
14 181
18 193
16 160
17 182
18 179
15 171
17 175
16 167
16 182
14 162
16 187
17 157
18 181
14 155
14 167
15 158
16 184
15 170
16 165
15 169
18 190
17 171
18 182
15 183
16 159
17 189
16 168
14 178
15 164
15 172
16 168
18 160
16 170
16 182
14 179
15 178
16 183
14 168
16 173
18 182
14 160
18 171
15 177
17 173
16 157
17 186
17 157
18 167
14 159
15 169
16 160
14 170
18 172
18 165
15 181
18 161
16 175
16 168
14 158
15 161
15 168
16 182
18 176
17 185
16 175
15 175
15 161
18 158
15 182
14 161
18 172
16 172
18 185
16 158
15 173
14 180
18 190
17 160
15 161
16 182
18 187
18 168
17 160
14 171
16 170
14 162
16 168
17 177
16 178
18 185
18 165
14 162
18 159
18 172
16 160
16 178
17 170
14 177
18 187
18 175
17 166
18 168
17 174
16 164
17 166
